/*Perceptron Multicapa*/
/*Archivo escrito en pseudocodigo Maxima*/

muestras:[[-1,-1,-1],[-1,1,-1],[1,-1,-1],[1,1,1]];
pesos:[-0.362512431891439,-0.860635412210343,-0.451476375961398,0.637487568108561,0.139364587789657,0.548523624038602];
n:2;
s:4;
m:1;
num_graficas:2;
