/*Perceptron Multicapa*/
/*Archivo escrito en pseudocodigo Maxima*/

muestras:[[-1,-1,-1],[-1,1,-1],[1,-1,-1],[1,1,1]];
pesos:[0.732610275184932,-0.605011824803171,0.93920985756656,-0.267054374684602,0.394652825066363,1.93887450743609,0.732034574120998,1.39374177387196,0.939785558630494];
n:2;
s:4;
m:2;
num_graficas:3;
