/*Perceptron Multicapa*/
/*Archivo escrito en pseudocodigo Maxima*/

muestras:[[-1,-1,-1],[-1,1,-1],[1,-1,-1],[1,1,1]];
pesos:[0.066601546628597,0.963667724928143,-0.0228798700661415,0.166601546628597,0.863667724928143,0.0771201299338586,0.266601546628597,0.763667724928143,0.177120129933859,0.366601546628597,0.663667724928143,0.277120129933859,0.466601546628597,0.563667724928143,0.377120129933859];
n:2;
s:4;
m:4;
num_graficas:5;
