/*Perceptron Multicapa*/
/*Archivo escrito en pseudocodigo Maxima*/

muestras:[[-1,-1,-1],[-1,1,-1],[1,-1,-1],[1,1,1],[0.9,0.9,-1]];
pesos:[0.891098193971636,-0.392957625264046,-0.48540845086584,0.791098193971637,-0.292957625264046,-0.38540845086584,0.701098193971637,-0.382957625264046,-0.28540845086584,0.601098193971637,-0.282957625264046,-0.18540845086584,0.511098193971637,-0.372957625264046,-0.0854084508658403,0.411098193971637,-0.272957625264046,0.0145915491341597,0.321098193971637,-0.362957625264046,0.11459154913416,0.221098193971637,-0.262957625264046,0.21459154913416,0.321098193971637,-0.162957625264046,0.11459154913416,0.231098193971637,-0.252957625264046,0.21459154913416,0.131098193971637,-0.152957625264046,0.31459154913416,0.231098193971637,-0.0529576252640458,0.21459154913416,0.131098193971637,0.0470423747359542,0.31459154913416,0.231098193971637,0.147042374735954,0.21459154913416,0.141098193971637,0.0570423747359542,0.31459154913416,0.241098193971637,0.157042374735954,0.21459154913416,0.151098193971637,0.0670423747359542,0.31459154913416,0.251098193971637,0.167042374735954,0.21459154913416,0.161098193971637,0.0770423747359542,0.31459154913416,0.261098193971637,0.177042374735954,0.21459154913416,0.171098193971637,0.0870423747359542,0.31459154913416,0.271098193971637,0.187042374735954,0.21459154913416,0.181098193971637,0.0970423747359542,0.31459154913416,0.281098193971637,0.197042374735954,0.21459154913416,0.191098193971637,0.107042374735954,0.31459154913416,0.291098193971637,0.207042374735954,0.21459154913416,0.201098193971637,0.117042374735954,0.31459154913416];
n:2;
s:5;
m:26;
num_graficas:27;
