/*Perceptron Multicapa*/
/*Archivo escrito en pseudocodigo Maxima*/

muestras:[[-1,-1,-1],[-1,1,-1],[1,-1,-1],[1,1,1],[0.9,0.9,-1]];
pesos:[0.948991299754205,-0.628776945458469,-0.960047165320908,1.9489912997542,0.371223054541531,0.0399528346790916,0.948991299754205,1.37122305454153,1.03995283467909,0.0489912997542049,0.471223054541531,2.03995283467909,1.04899129975421,1.47122305454153,1.03995283467909,0.148991299754205,0.571223054541531,2.03995283467909,1.14899129975421,1.57122305454153,1.03995283467909,0.248991299754205,0.671223054541531,2.03995283467909,1.24899129975421,1.67122305454153,1.03995283467909,0.348991299754205,0.771223054541531,2.03995283467909,1.34899129975421,1.77122305454153,1.03995283467909,0.448991299754205,0.871223054541531,2.03995283467909,1.44899129975421,1.87122305454153,1.03995283467909,0.548991299754205,0.971223054541531,2.03995283467909,1.54899129975421,1.97122305454153,1.03995283467909,0.648991299754205,1.07122305454153,2.03995283467909,1.64899129975421,2.07122305454153,1.03995283467909,0.748991299754206,1.17122305454153,2.03995283467909,1.74899129975421,2.17122305454153,1.03995283467909,0.848991299754206,1.27122305454153,2.03995283467909];
n:2;
s:5;
m:19;
num_graficas:20;
